Pixel	ADU
0	867
1	853
2	862
3	856
4	866
5	866
6	867
7	859
8	829
9	870
10	873
11	874
12	875
13	869
14	861
15	826
16	809
17	845
18	864
19	867
20	865
21	869
22	872
23	873
24	867
25	872
26	870
27	865
28	849
29	865
30	863
31	866
32	861
33	858
34	856
35	855
36	858
37	858
38	856
39	841
40	845
41	843
42	838
43	841
44	826
45	829
46	830
47	817
48	804
49	807
50	804
51	792
52	776
53	756
54	737
55	712
56	677
57	632
58	580
59	520
60	449
61	371
62	286
63	209
64	262
65	347
66	426
67	500
68	559
69	611
70	658
71	691
72	721
73	740
74	753
75	771
76	772
77	787
78	795
79	777
80	765
81	767
82	782
83	809
84	812
85	815
86	813
87	815
88	815
89	803
90	802
91	814
92	823
93	820
94	820
95	819
96	816
97	820
98	823
99	820
100	818
101	814
102	806
103	815
104	811
105	813
106	812
107	797
108	785
109	807
110	805
111	782
112	797
113	805
114	807
115	799
116	800
117	799
118	802
119	802
120	798
121	779
122	797
123	796
124	789
125	790
126	788
127	796
128	795
129	797
130	794
131	794
132	795
133	793
134	787
135	788
136	788
137	787
138	788
139	784
140	779
141	778
142	778
143	784
144	785
145	750
146	768
147	773
148	778
149	760
150	768
151	759
152	771
153	772
154	764
155	772
156	760
157	766
158	765
159	764
160	767
161	759
162	755
163	752
164	762
165	763
166	757
167	749
168	753
169	746
170	746
171	748
172	748
173	750
174	750
175	751
176	744
177	741
178	744
179	741
180	740
181	730
182	741
183	731
184	732
185	723
186	731
187	711
188	720
189	706
190	723
191	719
192	701
193	715
194	712
195	698
196	685
197	691
198	689
199	679
200	668
201	661
202	646
203	615
204	603
205	581
206	545
207	506
208	460
209	403
210	343
211	274
212	200
213	228
214	300
215	364
216	422
217	471
218	515
219	534
220	569
221	598
222	621
223	631
224	646
225	654
226	661
227	671
228	676
229	671
230	670
231	682
232	685
233	684
234	683
235	687
236	690
237	692
238	691
239	671
240	650
241	672
242	671
243	672
244	668
245	686
246	672
247	676
248	687
249	681
250	682
251	684
252	678
253	678
254	682
255	682
256	680
257	682
258	681
259	673
260	659
261	670
262	679
263	678
264	679
265	677
266	674
267	670
268	674
269	673
270	669
271	661
272	667
273	666
274	671
275	670
276	666
277	653
278	665
279	663
280	664
281	657
282	660
283	664
284	658
285	662
286	661
287	660
288	657
289	658
290	657
291	653
292	642
293	637
294	612
295	632
296	649
297	649
298	652
299	645
300	541
301	607
302	649
303	652
304	648
305	635
306	641
307	640
308	647
309	649
310	649
311	647
312	643
313	633
314	646
315	645
316	645
317	628
318	641
319	641
320	644
321	635
322	628
323	642
324	633
325	625
326	618
327	633
328	636
329	636
330	633
331	635
332	633
333	614
334	626
335	633
336	633
337	630
338	620
339	631
340	630
341	630
342	621
343	581
344	623
345	627
346	617
347	606
348	616
349	611
350	625
351	622
352	614
353	621
354	621
355	623
356	619
357	604
358	619
359	617
360	610
361	618
362	613
363	612
364	591
365	604
366	615
367	600
368	608
369	608
370	610
371	613
372	608
373	610
374	611
375	608
376	606
377	608
378	608
379	609
380	608
381	605
382	607
383	605
384	603
385	598
386	593
387	591
388	597
389	602
390	598
391	599
392	595
393	583
394	598
395	595
396	584
397	589
398	594
399	595
400	594
401	595
402	594
403	594
404	593
405	593
406	594
407	593
408	594
409	590
410	586
411	590
412	590
413	589
414	581
415	585
416	581
417	584
418	583
419	585
420	584
421	583
422	585
423	587
424	587
425	586
426	584
427	583
428	580
429	582
430	580
431	580
432	580
433	580
434	579
435	581
436	579
437	579
438	577
439	572
440	577
441	577
442	576
443	570
444	574
445	567
446	570
447	571
448	572
449	570
450	570
451	570
452	570
453	569
454	567
455	567
456	563
457	560
458	566
459	563
460	560
461	560
462	557
463	560
464	560
465	560
466	560
467	559
468	558
469	557
470	555
471	556
472	555
473	555
474	554
475	553
476	549
477	549
478	549
479	550
480	548
481	547
482	544
483	545
484	543
485	541
486	546
487	541
488	543
489	542
490	543
491	540
492	539
493	539
494	537
495	536
496	536
497	536
498	537
499	538
500	531
501	531
502	528
503	528
504	530
505	531
506	529
507	527
508	529
509	526
510	525
511	522
512	523
513	522
514	516
515	509
516	515
517	515
518	513
519	510
520	507
521	503
522	498
523	495
524	490
525	482
526	475
527	465
528	456
529	441
530	421
531	405
532	383
533	355
534	325
535	291
536	251
537	204
538	163
539	215
540	259
541	297
542	329
543	359
544	384
545	405
546	421
547	432
548	445
549	458
550	466
551	472
552	475
553	480
554	484
555	487
556	489
557	490
558	493
559	496
560	495
561	497
562	498
563	497
564	499
565	499
566	502
567	499
568	500
569	495
570	497
571	498
572	500
573	498
574	494
575	491
576	484
577	470
578	494
579	500
580	501
581	498
582	496
583	493
584	496
585	497
586	496
587	494
588	494
589	493
590	496
591	495
592	492
593	491
594	490
595	489
596	492
597	489
598	484
599	488
600	492
601	490
602	491
603	490
604	487
605	484
606	488
607	488
608	487
609	487
610	483
611	484
612	485
613	484
614	483
615	482
616	483
617	482
618	481
619	477
620	478
621	479
622	479
623	478
624	478
625	475
626	467
627	472
628	474
629	473
630	475
631	474
632	475
633	473
634	469
635	468
636	445
637	461
638	468
639	468
640	471
641	467
642	468
643	467
644	464
645	464
646	464
647	460
648	467
649	467
650	447
651	461
652	463
653	465
654	461
655	461
656	465
657	461
658	462
659	446
660	437
661	459
662	459
663	457
664	459
665	458
666	458
667	457
668	457
669	453
670	457
671	456
672	452
673	455
674	455
675	455
676	453
677	454
678	450
679	451
680	452
681	452
682	453
683	448
684	450
685	449
686	450
687	444
688	443
689	449
690	450
691	446
692	447
693	448
694	450
695	447
696	446
697	444
698	447
699	446
700	445
701	444
702	443
703	442
704	441
705	439
706	442
707	443
708	439
709	440
710	439
711	441
712	438
713	438
714	435
715	435
716	437
717	435
718	429
719	435
720	434
721	430
722	436
723	433
724	436
725	433
726	431
727	434
728	430
729	418
730	408
731	425
732	421
733	423
734	432
735	427
736	427
737	429
738	427
739	414
740	420
741	423
742	426
743	423
744	424
745	424
746	424
747	424
748	413
749	423
750	424
751	422
752	422
753	422
754	423
755	422
756	421
757	420
758	418
759	415
760	414
761	418
762	418
763	417
764	414
765	414
766	407
767	407
768	416
769	416
770	409
771	403
772	411
773	406
774	411
775	413
776	414
777	413
778	412
779	409
780	408
781	408
782	409
783	410
784	406
785	410
786	407
787	402
788	404
789	401
790	393
791	403
792	407
793	403
794	404
795	403
796	399
797	389
798	400
799	401
800	401
801	401
802	395
803	400
804	399
805	400
806	398
807	396
808	400
809	399
810	400
811	395
812	397
813	396
814	395
815	395
816	391
817	393
818	394
819	395
820	391
821	390
822	378
823	378
824	391
825	394
826	392
827	389
828	386
829	390
830	385
831	381
832	388
833	388
834	386
835	387
836	384
837	383
838	388
839	387
840	387
841	385
842	387
843	386
844	386
845	385
846	385
847	385
848	383
849	383
850	383
851	374
852	378
853	382
854	382
855	381
856	379
857	379
858	379
859	380
860	382
861	381
862	380
863	380
864	377
865	380
866	377
867	376
868	377
869	378
870	378
871	375
872	374
873	375
874	377
875	370
876	367
877	373
878	373
879	372
880	372
881	373
882	372
883	370
884	370
885	372
886	373
887	371
888	370
889	370
890	367
891	369
892	366
893	368
894	367
895	365
896	367
897	368
898	369
899	369
900	370
901	367
902	366
903	366
904	366
905	368
906	367
907	367
908	365
909	364
910	364
911	365
912	366
913	365
914	363
915	362
916	357
917	362
918	362
919	363
920	362
921	362
922	362
923	358
924	357
925	358
926	359
927	361
928	360
929	358
930	359
931	359
932	356
933	356
934	358
935	358
936	357
937	357
938	355
939	353
940	355
941	351
942	355
943	354
944	354
945	355
946	356
947	356
948	354
949	354
950	353
951	354
952	352
953	353
954	352
955	348
956	350
957	351
958	350
959	346
960	349
961	349
962	350
963	350
964	349
965	348
966	348
967	348
968	348
969	348
970	348
971	346
972	348
973	347
974	347
975	346
976	345
977	345
978	345
979	345
980	344
981	344
982	344
983	344
984	344
985	343
986	343
987	344
988	342
989	342
990	342
991	340
992	339
993	341
994	341
995	340
996	340
997	340
998	339
999	337
1000	339
1001	339
1002	337
1003	337
1004	337
1005	338
1006	338
1007	338
1008	337
1009	336
1010	336
1011	337
1012	336
1013	335
1014	336
1015	335
1016	335
1017	334
1018	335
1019	334
1020	334
1021	334
1022	333
1023	333
1024	332
1025	331
1026	332
1027	330
1028	330
1029	331
1030	331
1031	331
1032	331
1033	331
1034	330
1035	330
1036	328
1037	328
1038	329
1039	329
1040	329
1041	328
1042	327
1043	327
1044	328
1045	327
1046	326
1047	326
1048	326
1049	325
1050	324
1051	323
1052	323
1053	323
1054	323
1055	321
1056	322
1057	322
1058	322
1059	322
1060	322
1061	322
1062	322
1063	322
1064	321
1065	321
1066	319
1067	320
1068	320
1069	319
1070	319
1071	319
1072	319
1073	318
1074	317
1075	317
1076	317
1077	318
1078	317
1079	316
1080	315
1081	316
1082	315
1083	315
1084	316
1085	315
1086	315
1087	315
1088	314
1089	315
1090	314
1091	313
1092	315
1093	313
1094	313
1095	312
1096	312
1097	312
1098	312
1099	312
1100	312
1101	312
1102	311
1103	311
1104	311
1105	310
1106	310
1107	310
1108	310
1109	310
1110	309
1111	310
1112	307
1113	309
1114	307
1115	307
1116	309
1117	308
1118	308
1119	307
1120	308
1121	308
1122	307
1123	308
1124	307
1125	308
1126	307
1127	306
1128	306
1129	306
1130	307
1131	306
1132	307
1133	305
1134	305
1135	305
1136	305
1137	305
1138	305
1139	304
1140	304
1141	304
1142	305
1143	304
1144	303
1145	304
1146	303
1147	303
1148	303
1149	302
1150	302
1151	301
1152	303
1153	302
1154	301
1155	302
1156	300
1157	300
1158	299
1159	300
1160	300
1161	299
1162	299
1163	299
1164	298
1165	297
1166	297
1167	297
1168	297
1169	296
1170	296
1171	294
1172	284
1173	295
1174	295
1175	294
1176	293
1177	293
1178	291
1179	290
1180	288
1181	279
1182	288
1183	291
1184	286
1185	285
1186	288
1187	288
1188	288
1189	289
1190	291
1191	290
1192	288
1193	288
1194	290
1195	288
1196	287
1197	288
1198	286
1199	283
1200	287
1201	285
1202	283
1203	288
1204	287
1205	287
1206	287
1207	284
1208	286
1209	286
1210	285
1211	284
1212	282
1213	278
1214	283
1215	280
1216	279
1217	281
1218	281
1219	284
1220	283
1221	283
1222	280
1223	274
1224	280
1225	281
1226	279
1227	281
1228	280
1229	278
1230	279
1231	280
1232	280
1233	279
1234	279
1235	275
1236	273
1237	277
1238	279
1239	279
1240	278
1241	278
1242	278
1243	279
1244	278
1245	277
1246	278
1247	278
1248	277
1249	277
1250	277
1251	277
1252	277
1253	276
1254	277
1255	275
1256	275
1257	275
1258	275
1259	275
1260	275
1261	275
1262	274
1263	274
1264	274
1265	274
1266	274
1267	273
1268	274
1269	274
1270	274
1271	273
1272	272
1273	272
1274	272
1275	272
1276	271
1277	272
1278	271
1279	272
1280	271
1281	270
1282	272
1283	270
1284	270
1285	271
1286	269
1287	270
1288	269
1289	270
1290	270
1291	270
1292	269
1293	269
1294	269
1295	270
1296	269
1297	269
1298	268
1299	267
1300	269
1301	267
1302	267
1303	268
1304	267
1305	266
1306	267
1307	267
1308	267
1309	266
1310	267
1311	267
1312	266
1313	266
1314	266
1315	266
1316	265
1317	266
1318	265
1319	265
1320	265
1321	265
1322	265
1323	265
1324	264
1325	264
1326	264
1327	264
1328	264
1329	263
1330	263
1331	263
1332	263
1333	263
1334	263
1335	263
1336	262
1337	262
1338	262
1339	262
1340	261
1341	261
1342	259
1343	258
1344	261
1345	262
1346	261
1347	252
1348	249
1349	256
1350	259
1351	260
1352	259
1353	258
1354	259
1355	258
1356	258
1357	259
1358	258
1359	257
1360	257
1361	258
1362	257
1363	257
1364	256
1365	257
1366	256
1367	257
1368	256
1369	256
1370	257
1371	256
1372	255
1373	256
1374	255
1375	255
1376	254
1377	254
1378	254
1379	254
1380	253
1381	253
1382	253
1383	253
1384	253
1385	253
1386	252
1387	252
1388	251
1389	252
1390	252
1391	250
1392	251
1393	250
1394	249
1395	249
1396	248
1397	250
1398	247
1399	245
1400	247
1401	248
1402	247
1403	247
1404	243
1405	246
1406	247
1407	247
1408	247
1409	246
1410	247
1411	247
1412	245
1413	246
1414	245
1415	244
1416	245
1417	244
1418	244
1419	244
1420	242
1421	243
1422	236
1423	224
1424	232
1425	234
1426	238
1427	240
1428	241
1429	240
1430	238
1431	237
1432	236
1433	240
1434	236
1435	239
1436	235
1437	240
1438	237
1439	238
1440	237
1441	237
1442	239
1443	237
1444	238
1445	238
1446	237
1447	237
1448	235
1449	236
1450	238
1451	237
1452	237
1453	237
1454	238
1455	237
1456	237
1457	236
1458	236
1459	236
1460	236
1461	237
1462	236
1463	235
1464	236
1465	235
1466	220
1467	224
1468	234
1469	234
1470	234
1471	234
1472	234
1473	234
1474	233
1475	233
1476	233
1477	233
1478	234
1479	233
1480	232
1481	226
1482	223
1483	232
1484	233
1485	233
1486	233
1487	233
1488	231
1489	231
1490	231
1491	231
1492	230
1493	231
1494	231
1495	231
1496	230
1497	230
1498	230
1499	230
1500	230
1501	229
1502	230
1503	229
1504	229
1505	229
1506	229
1507	228
1508	229
1509	228
1510	226
1511	227
1512	227
1513	227
1514	228
1515	227
1516	227
1517	227
1518	227
1519	227
1520	225
1521	226
1522	226
1523	226
1524	225
1525	226
1526	225
1527	225
1528	224
1529	223
1530	224
1531	224
1532	223
1533	221
1534	218
1535	216
1536	221
1537	222
1538	222
1539	221
1540	221
1541	220
1542	219
1543	220
1544	221
1545	218
1546	215
1547	215
1548	218
1549	216
1550	219
1551	215
1552	215
1553	218
1554	218
1555	218
1556	215
1557	216
1558	216
1559	214
1560	216
1561	216
1562	218
1563	217
1564	216
1565	216
1566	215
1567	214
1568	215
1569	214
1570	213
1571	210
1572	204
1573	210
1574	211
1575	213
1576	212
1577	210
1578	211
1579	212
1580	211
1581	210
1582	207
1583	206
1584	206
1585	205
1586	204
1587	203
1588	199
1589	195
1590	193
1591	189
1592	186
1593	185
1594	181
1595	172
1596	167
1597	161
1598	151
1599	142
1600	129
1601	100
1602	100
1603	131
1604	141
1605	151
1606	160
1607	166
1608	174
1609	176
1610	183
1611	187
1612	190
1613	192
1614	194
1615	197
1616	198
1617	199
1618	201
1619	201
1620	202
1621	204
1622	204
1623	205
1624	204
1625	204
1626	205
1627	205
1628	204
1629	204
1630	204
1631	205
1632	205
1633	205
1634	204
1635	205
1636	205
1637	205
1638	204
1639	205
1640	204
1641	204
1642	204
1643	205
1644	205
1645	205
1646	205
1647	205
1648	204
1649	205
1650	204
1651	204
1652	204
1653	204
1654	204
1655	204
1656	204
1657	204
1658	203
1659	204
1660	204
1661	203
1662	203
1663	203
1664	203
1665	203
1666	203
1667	203
1668	203
1669	201
1670	201
1671	202
1672	202
1673	201
1674	199
1675	201
1676	201
1677	201
1678	201
1679	201
1680	201
1681	201
1682	201
1683	201
1684	200
1685	200
1686	199
1687	199
1688	200
1689	199
1690	200
1691	200
1692	200
1693	200
1694	199
1695	198
1696	198
1697	198
1698	198
1699	197
1700	197
1701	197
1702	192
1703	198
1704	197
1705	197
1706	196
1707	197
1708	197
1709	196
1710	195
1711	195
1712	196
1713	196
1714	195
1715	195
1716	194
1717	195
1718	194
1719	195
1720	194
1721	194
1722	194
1723	193
1724	193
1725	193
1726	193
1727	193
1728	193
1729	193
1730	192
1731	192
1732	191
1733	191
1734	190
1735	190
1736	191
1737	190
1738	190
1739	190
1740	189
1741	189
1742	188
1743	189
1744	189
1745	190
1746	192
1747	193
1748	191
1749	191
1750	189
1751	191
1752	191
1753	191
1754	191
1755	190
1756	190
1757	189
1758	190
1759	189
1760	189
1761	188
1762	188
1763	189
1764	189
1765	189
1766	189
1767	188
1768	188
1769	187
1770	187
1771	187
1772	186
1773	186
1774	187
1775	186
1776	185
1777	186
1778	186
1779	185
1780	186
1781	185
1782	185
1783	184
1784	185
1785	184
1786	184
1787	184
1788	184
1789	184
1790	183
1791	181
1792	172
1793	173
1794	174
1795	174
1796	176
1797	177
1798	178
1799	178
1800	181
1801	182
1802	179
1803	178
1804	177
1805	177
1806	177
1807	178
1808	176
1809	178
1810	175
1811	179
1812	176
1813	179
1814	179
1815	176
1816	178
1817	178
1818	178
1819	179
1820	177
1821	177
1822	177
1823	177
1824	178
1825	179
1826	176
1827	177
1828	178
1829	177
1830	177
1831	177
1832	176
1833	176
1834	177
1835	177
1836	176
1837	175
1838	176
1839	176
1840	175
1841	176
1842	176
1843	174
1844	175
1845	176
1846	175
1847	175
1848	176
1849	174
1850	174
1851	175
1852	175
1853	174
1854	174
1855	175
1856	174
1857	174
1858	174
1859	174
1860	173
1861	173
1862	173
1863	172
1864	173
1865	174
1866	173
1867	173
1868	173
1869	173
1870	172
1871	172
1872	173
1873	174
1874	172
1875	172
1876	170
1877	172
1878	172
1879	172
1880	172
1881	171
1882	172
1883	172
1884	171
1885	170
1886	170
1887	171
1888	170
1889	171
1890	171
1891	170
1892	169
1893	171
1894	170
1895	170
1896	170
1897	171
1898	170
1899	169
1900	170
1901	168
1902	169
1903	170
1904	169
1905	169
1906	169
1907	169
1908	169
1909	168
1910	167
1911	168
1912	167
1913	168
1914	167
1915	166
1916	167
1917	168
1918	167
1919	167
1920	167
1921	167
1922	167
1923	166
1924	166
1925	167
1926	166
1927	166
1928	167
1929	166
1930	165
1931	166
1932	166
1933	166
1934	167
1935	167
1936	166
1937	166
1938	166
1939	166
1940	165
1941	166
1942	165
1943	165
1944	166
1945	166
1946	165
1947	163
1948	163
1949	164
1950	165
1951	165
1952	165
1953	165
1954	165
1955	164
1956	165
1957	164
1958	164
1959	164
1960	164
1961	165
1962	165
1963	163
1964	164
1965	163
1966	163
1967	163
1968	163
1969	162
1970	164
1971	163
1972	162
1973	161
1974	162
1975	163
1976	163
1977	161
1978	162
1979	162
1980	161
1981	159
1982	159
1983	159
1984	160
1985	159
1986	159
1987	160
1988	157
1989	160
1990	157
1991	157
1992	158
1993	160
1994	157
1995	158
1996	159
1997	159
1998	158
1999	159
2000	155
2001	159
2002	157
2003	157
2004	157
2005	158
2006	158
2007	157
2008	158
2009	158
2010	157
2011	158
2012	157
2013	158
2014	157
2015	158
2016	158
2017	157
2018	158
2019	157
2020	154
2021	154
2022	155
2023	155
2024	156
2025	154
2026	156
2027	154
2028	156
2029	155
2030	155
2031	155
2032	154
2033	152
2034	154
2035	155
2036	154
2037	154
2038	154
2039	154
2040	152
2041	154
2042	154
2043	154
2044	153
2045	152
2046	153
2047	152
2048	151
2049	153
2050	154
2051	153
2052	154
2053	154
2054	152
2055	153
2056	151
2057	153
2058	152
2059	152
2060	152
2061	152
2062	151
2063	151
2064	150
2065	150
2066	152
2067	151
2068	151
2069	151
2070	151
2071	150
2072	150
2073	150
2074	151
2075	151
2076	151
2077	151
2078	151
2079	150
2080	150
2081	150
2082	149
2083	149
2084	149
2085	150
2086	150
2087	149
2088	149
2089	149
2090	149
2091	148
2092	149
2093	148
2094	148
2095	148
2096	148
2097	148
2098	148
2099	150
2100	148
2101	148
2102	147
2103	148
2104	147
2105	148
2106	147
2107	146
2108	148
2109	146
2110	147
2111	146
2112	147
2113	147
2114	145
2115	146
2116	147
2117	146
2118	147
2119	146
2120	145
2121	145
2122	144
2123	145
2124	146
2125	147
2126	147
2127	147
2128	145
2129	144
2130	143
2131	144
2132	144
2133	145
2134	146
2135	146
2136	146
2137	145
2138	143
2139	142
2140	141
2141	142
2142	142
2143	144
2144	145
2145	146
2146	146
2147	145
2148	144
2149	144
2150	142
2151	138
2152	139
2153	139
2154	140
2155	140
2156	142
2157	143
2158	144
2159	144
2160	144
2161	145
2162	144
2163	142
2164	140
2165	139
2166	138
2167	137
2168	136
2169	137
2170	138
2171	138
2172	139
2173	140
2174	142
2175	142
2176	142
2177	143
2178	143
2179	142
2180	142
2181	141
2182	140
2183	139
2184	137
2185	136
2186	135
2187	134
2188	133
2189	134
2190	134
2191	136
2192	136
2193	137
2194	138
2195	139
2196	140
2197	140
2198	141
2199	140
2200	141
2201	143
2202	139
2203	140
2204	141
2205	140
2206	139
2207	137
2208	134
2209	133
2210	129
2211	133
2212	131
2213	130
2214	130
2215	132
2216	132
2217	128
2218	133
2219	133
2220	133
2221	135
2222	136
2223	137
2224	139
2225	140
2226	141
2227	141
2228	142
2229	142
2230	141
2231	142
2232	141
2233	141
2234	140
2235	139
2236	138
2237	137
2238	136
2239	135
2240	129
2241	132
2242	131
2243	128
2244	135
2245	131
2246	123
2247	117
2248	114
2249	118
2250	120
2251	117
2252	116
2253	121
2254	119
2255	122
2256	123
2257	125
2258	129
2259	134
2260	130
2261	135
2262	135
2263	132
2264	137
2265	139
2266	131
2267	125
2268	134
2269	132
2270	129
2271	138
2272	129
2273	135
2274	136
2275	126
2276	133
2277	133
2278	128
2279	134
2280	129
2281	135
2282	131
2283	127
2284	127
2285	130
2286	135
2287	124
2288	130
2289	126
2290	127
2291	124
2292	128
2293	126
2294	111
2295	113
2296	124
2297	117
2298	128
2299	126
2300	127
2301	128
2302	122
2303	128
2304	127
2305	128
2306	128
2307	126
2308	128
2309	130
2310	129
2311	131
2312	129
2313	128
2314	128
2315	130
2316	130
2317	129
2318	131
2319	131
2320	127
2321	131
2322	131
2323	131
2324	132
2325	131
2326	131
2327	131
2328	128
2329	130
2330	129
2331	129
2332	128
2333	129
2334	128
2335	129
2336	128
2337	128
2338	127
2339	129
2340	128
2341	127
2342	128
2343	126
2344	126
2345	126
2346	124
2347	123
2348	121
2349	121
2350	120
2351	117
2352	117
2353	117
2354	115
2355	115
2356	111
2357	101
2358	104
2359	95
2360	102
2361	102
2362	96
2363	109
2364	105
2365	107
2366	105
2367	114
2368	113
2369	113
2370	112
2371	116
2372	114
2373	117
2374	117
2375	118
2376	118
2377	121
2378	121
2379	122
2380	122
2381	123
2382	122
2383	124
2384	125
2385	124
2386	124
2387	123
2388	124
2389	123
2390	123
2391	122
2392	122
2393	123
2394	123
2395	122
2396	124
2397	124
2398	124
2399	124
2400	124
2401	124
2402	124
2403	123
2404	123
2405	123
2406	122
2407	122
2408	122
2409	121
2410	121
2411	121
2412	122
2413	121
2414	122
2415	121
2416	119
2417	109
2418	118
2419	122
2420	121
2421	122
2422	121
2423	115
2424	119
2425	119
2426	118
2427	119
2428	119
2429	117
2430	117
2431	118
2432	119
2433	119
2434	118
2435	115
2436	118
2437	119
2438	118
2439	118
2440	117
2441	116
2442	115
2443	113
2444	113
2445	112
2446	111
2447	110
2448	110
2449	110
2450	108
2451	107
2452	105
2453	106
2454	106
2455	104
2456	99
2457	99
2458	102
2459	96
2460	88
2461	83
2462	76
2463	87
2464	93
2465	97
2466	85
2467	93
2468	96
2469	99
2470	98
2471	102
2472	105
2473	105
2474	106
2475	107
2476	108
2477	109
2478	110
2479	110
2480	110
2481	110
2482	110
2483	110
2484	110
2485	110
2486	111
2487	113
2488	114
2489	112
2490	114
2491	115
2492	114
2493	113
2494	113
2495	112
2496	111
2497	111
2498	111
2499	111
2500	112
2501	113
